31,17,,,,,,,,,,,,,,,,,,,,,,,,,,,,,
1,1,1,1,1,1,1,1,1,1,1,1,1,1,1,1,1,1,1,1,1,1,1,1,1,1,1,1,1,1,1
1,,,,,,,,,,,,,,,,,,,,,,,,,,,,,,1
1,,,,,,,,,,,,,,,,,,,,,,,,,,,,,,1
1,,,,,,,,,,,,,,,,,,,,,,,,,,,,,,1
1,,,,,,,,,,,,,,,,,,,,,,,,,,,,,,1
1,,,,,,,,,,,,,,,,,,,,,,,,,,,,,,1
1,,,,,,,,,,,,,,,,,,,,,,,,,,,,,,1
1,,,,,,,,,,,,,,,13,,,,,,,,,,,,,,,1
1,,,,,,,,,,,,,,,,,,,,,,,,,,,,,,1
1,,,,,,,,,,,,,,,,,,,,,,,,,,,,,,1
1,,,,,,,,,,,,,,,,,,,,,,,,,,,,,,1
1,,,,,,,,,,,,,,,,,,,,,,,,,,,,,,1
1,,,,,,,,,,,,,,,,,,,,,,,,,,,,,,1
1,,,,,,,,,,,,,,,,,,,,,,,,,,,,,,1
1,,,,s,,,,,,,,,13,,,,,,,,,,,,,,,,,1
1,,,,,,,,,,,,,,,,,,,,,,,,,,,,,,1
1,1,1,1,1,1,1,1,1,1,1,1,1,1,1,1,1,1,1,1,1,1,1,1,1,1,1,1,1,1,1
